7f45 4c46 0201 0100 0000 0000 0000 0000
0200 3e00 0100 0000 2005 4000 0000 0000
4000 0000 0000 0000 8011 0000 0000 0000
0000 0000 4000 3800 0900 4000 1e00 1b00
0600 0000 0500 0000 4000 0000 0000 0000
4000 4000 0000 0000 4000 4000 0000 0000
f801 0000 0000 0000 f801 0000 0000 0000
0800 0000 0000 0000 0300 0000 0400 0000
3802 0000 0000 0000 3802 4000 0000 0000
3802 4000 0000 0000 1c00 0000 0000 0000
1c00 0000 0000 0000 0100 0000 0000 0000
0100 0000 0500 0000 0000 0000 0000 0000
0000 4000 0000 0000 0000 4000 0000 0000
5c08 0000 0000 0000 5c08 0000 0000 0000
0000 2000 0000 0000 0100 0000 0600 0000
100e 0000 0000 0000 100e 6000 0000 0000
100e 6000 0000 0000 4002 0000 0000 0000
5002 0000 0000 0000 0000 2000 0000 0000
0200 0000 0600 0000 280e 0000 0000 0000
280e 6000 0000 0000 280e 6000 0000 0000
d001 0000 0000 0000 d001 0000 0000 0000
0800 0000 0000 0000 0400 0000 0400 0000
5402 0000 0000 0000 5402 4000 0000 0000
5402 4000 0000 0000 4400 0000 0000 0000
4400 0000 0000 0000 0400 0000 0000 0000
50e5 7464 0400 0000 3007 0000 0000 0000
3007 4000 0000 0000 3007 4000 0000 0000
3400 0000 0000 0000 3400 0000 0000 0000
0400 0000 0000 0000 51e5 7464 0600 0000
0000 0000 0000 0000 0000 0000 0000 0000
0000 0000 0000 0000 0000 0000 0000 0000
0000 0000 0000 0000 1000 0000 0000 0000
52e5 7464 0400 0000 100e 0000 0000 0000
100e 6000 0000 0000 100e 6000 0000 0000
f001 0000 0000 0000 f001 0000 0000 0000
0100 0000 0000 0000 2f6c 6962 3634 2f6c
642d 6c69 6e75 782d 7838 362d 3634 2e73
6f2e 3200 0400 0000 1000 0000 0100 0000
474e 5500 0000 0000 0200 0000 0600 0000
1800 0000 0400 0000 1400 0000 0300 0000
474e 5500 d7d0 2016 46fd 6907 6ae2 0113
c7f2 f0b7 db53 3e50 0200 0000 0600 0000
0100 0000 0600 0000 0001 0000 0000 0002
0000 0000 0600 0000 39f2 8b1c 0000 0000
0000 0000 0000 0000 0000 0000 0000 0000
0000 0000 0000 0000 0b00 0000 1200 0000
0000 0000 0000 0000 0000 0000 0000 0000
1200 0000 1200 0000 0000 0000 0000 0000
0000 0000 0000 0000 2600 0000 1200 0000
0000 0000 0000 0000 0000 0000 0000 0000
1e00 0000 1200 0000 0000 0000 0000 0000
0000 0000 0000 0000 3800 0000 2000 0000
0000 0000 0000 0000 0000 0000 0000 0000
1700 0000 1100 1900 5010 6000 0000 0000
0800 0000 0000 0000 006c 6962 632e 736f
2e36 006d 656d 7365 7400 7265 6164 0073
7464 6572 7200 6670 7269 6e74 6600 5f5f
6c69 6263 5f73 7461 7274 5f6d 6169 6e00
5f5f 676d 6f6e 5f73 7461 7274 5f5f 0047
4c49 4243 5f32 2e32 2e35 0000 0000 0200
0200 0200 0200 0000 0200 0000 0000 0000
0100 0100 0100 0000 1000 0000 0000 0000
751a 6909 0000 0200 4700 0000 0000 0000
f80f 6000 0000 0000 0600 0000 0500 0000
0000 0000 0000 0000 5010 6000 0000 0000
0500 0000 0600 0000 0000 0000 0000 0000
1810 6000 0000 0000 0700 0000 0100 0000
0000 0000 0000 0000 2010 6000 0000 0000
0700 0000 0200 0000 0000 0000 0000 0000
2810 6000 0000 0000 0700 0000 0300 0000
0000 0000 0000 0000 3010 6000 0000 0000
0700 0000 0400 0000 0000 0000 0000 0000
3810 6000 0000 0000 0700 0000 0500 0000
0000 0000 0000 0000 4883 ec08 488b 0555
0b20 0048 85c0 7405 e863 0000 0048 83c4
08c3 0000 0000 0000 0000 0000 0000 0000
ff35 420b 2000 ff25 440b 2000 0f1f 4000
ff25 420b 2000 6800 0000 00e9 e0ff ffff
ff25 3a0b 2000 6801 0000 00e9 d0ff ffff
ff25 320b 2000 6802 0000 00e9 c0ff ffff
ff25 2a0b 2000 6803 0000 00e9 b0ff ffff
ff25 220b 2000 6804 0000 00e9 a0ff ffff
31ed 4989 d15e 4889 e248 83e4 f050 5449
c7c0 1007 4000 48c7 c1a0 0640 0048 c7c7
0d06 4000 e8a7 ffff fff4 660f 1f44 0000
b857 1060 0055 482d 5010 6000 4883 f80e
4889 e577 025d c3b8 0000 0000 4885 c074
f45d bf50 1060 00ff e00f 1f80 0000 0000
b850 1060 0055 482d 5010 6000 48c1 f803
4889 e548 89c2 48c1 ea3f 4801 d048 d1f8
7502 5dc3 ba00 0000 0048 85d2 74f4 5d48
89c6 bf50 1060 00ff e20f 1f80 0000 0000
803d 910a 2000 0075 1155 4889 e5e8 7eff
ffff 5dc6 057e 0a20 0001 f3c3 0f1f 4000
4883 3d38 0820 0000 741e b800 0000 0048
85c0 7414 55bf 200e 6000 4889 e5ff d05d
e97b ffff ff0f 1f00 e973 ffff ff55 4889
e548 81ec 0004 0000 6448 8b04 2528 0000
0048 8945 f831 c048 8d85 10fc ffff bae8
0300 00be 0000 0000 4889 c7e8 90fe ffff
488d 8510 fcff ffba e803 0000 4889 c6bf
0000 0000 b800 0000 00e8 82fe ffff 8985
0cfc ffff 83bd 0cfc ffff 007e 2248 8b05
dc09 2000 488d 9510 fcff ffbe 2407 4000
4889 c7b8 0000 0000 e873 feff ffeb 98eb
9666 2e0f 1f84 0000 0000 000f 1f44 0000
4157 4189 ff41 5649 89f6 4155 4989 d541
544c 8d25 5807 2000 5548 8d2d 5807 2000
534c 29e5 31db 48c1 fd03 4883 ec08 e8c5
fdff ff48 85ed 741e 0f1f 8400 0000 0000
4c89 ea4c 89f6 4489 ff41 ff14 dc48 83c3
0148 39eb 75ea 4883 c408 5b5d 415c 415d
415e 415f c366 662e 0f1f 8400 0000 0000
f3c3 0000 4883 ec08 4883 c408 c300 0000
0100 0200 476f 743a 2025 730a 0000 0000
011b 033b 3400 0000 0500 0000 90fd ffff
8000 0000 f0fd ffff 5000 0000 ddfe ffff
a800 0000 70ff ffff c800 0000 e0ff ffff
1001 0000 0000 0000 1400 0000 0000 0000
017a 5200 0178 1001 1b0c 0708 9001 0710
1400 0000 1c00 0000 98fd ffff 2a00 0000
0000 0000 0000 0000 1400 0000 0000 0000
017a 5200 0178 1001 1b0c 0708 9001 0000
2400 0000 1c00 0000 08fd ffff 6000 0000
000e 1046 0e18 4a0f 0b77 0880 003f 1a3b
2a33 2422 0000 0000 1c00 0000 4400 0000
2dfe ffff 8400 0000 0041 0e10 8602 430d
0600 0000 0000 0000 4400 0000 6400 0000
a0fe ffff 6500 0000 0042 0e10 8f02 450e
188e 0345 0e20 8d04 450e 288c 0548 0e30
8606 480e 3883 074d 0e40 6c0e 3841 0e30
410e 2842 0e20 420e 1842 0e10 420e 0800
1400 0000 ac00 0000 c8fe ffff 0200 0000
0000 0000 0000 0000 0000 0000 0000 0000
0000 0000 0000 0000 0000 0000 0000 0000
0000 0000 0000 0000 0000 0000 0000 0000
0000 0000 0000 0000 0000 0000 0000 0000
0000 0000 0000 0000 0000 0000 0000 0000
0000 0000 0000 0000 0000 0000 0000 0000
0000 0000 0000 0000 0000 0000 0000 0000
0000 0000 0000 0000 0000 0000 0000 0000
0000 0000 0000 0000 0000 0000 0000 0000
0000 0000 0000 0000 0000 0000 0000 0000
0000 0000 0000 0000 0000 0000 0000 0000
0000 0000 0000 0000 0000 0000 0000 0000
0000 0000 0000 0000 0000 0000 0000 0000
0000 0000 0000 0000 0000 0000 0000 0000
0000 0000 0000 0000 0000 0000 0000 0000
0000 0000 0000 0000 0000 0000 0000 0000
0000 0000 0000 0000 0000 0000 0000 0000
0000 0000 0000 0000 0000 0000 0000 0000
0000 0000 0000 0000 0000 0000 0000 0000
0000 0000 0000 0000 0000 0000 0000 0000
0000 0000 0000 0000 0000 0000 0000 0000
0000 0000 0000 0000 0000 0000 0000 0000
0000 0000 0000 0000 0000 0000 0000 0000
0000 0000 0000 0000 0000 0000 0000 0000
0000 0000 0000 0000 0000 0000 0000 0000
0000 0000 0000 0000 0000 0000 0000 0000
0000 0000 0000 0000 0000 0000 0000 0000
0000 0000 0000 0000 0000 0000 0000 0000
0000 0000 0000 0000 0000 0000 0000 0000
0000 0000 0000 0000 0000 0000 0000 0000
0000 0000 0000 0000 0000 0000 0000 0000
0000 0000 0000 0000 0000 0000 0000 0000
0000 0000 0000 0000 0000 0000 0000 0000
0000 0000 0000 0000 0000 0000 0000 0000
0000 0000 0000 0000 0000 0000 0000 0000
0000 0000 0000 0000 0000 0000 0000 0000
0000 0000 0000 0000 0000 0000 0000 0000
0000 0000 0000 0000 0000 0000 0000 0000
0000 0000 0000 0000 0000 0000 0000 0000
0000 0000 0000 0000 0000 0000 0000 0000
0000 0000 0000 0000 0000 0000 0000 0000
0000 0000 0000 0000 0000 0000 0000 0000
0000 0000 0000 0000 0000 0000 0000 0000
0000 0000 0000 0000 0000 0000 0000 0000
0000 0000 0000 0000 0000 0000 0000 0000
0000 0000 0000 0000 0000 0000 0000 0000
0000 0000 0000 0000 0000 0000 0000 0000
0000 0000 0000 0000 0000 0000 0000 0000
0000 0000 0000 0000 0000 0000 0000 0000
0000 0000 0000 0000 0000 0000 0000 0000
0000 0000 0000 0000 0000 0000 0000 0000
0000 0000 0000 0000 0000 0000 0000 0000
0000 0000 0000 0000 0000 0000 0000 0000
0000 0000 0000 0000 0000 0000 0000 0000
0000 0000 0000 0000 0000 0000 0000 0000
0000 0000 0000 0000 0000 0000 0000 0000
0000 0000 0000 0000 0000 0000 0000 0000
0000 0000 0000 0000 0000 0000 0000 0000
0000 0000 0000 0000 0000 0000 0000 0000
0000 0000 0000 0000 0000 0000 0000 0000
0000 0000 0000 0000 0000 0000 0000 0000
0000 0000 0000 0000 0000 0000 0000 0000
0000 0000 0000 0000 0000 0000 0000 0000
0000 0000 0000 0000 0000 0000 0000 0000
0000 0000 0000 0000 0000 0000 0000 0000
0000 0000 0000 0000 0000 0000 0000 0000
0000 0000 0000 0000 0000 0000 0000 0000
0000 0000 0000 0000 0000 0000 0000 0000
0000 0000 0000 0000 0000 0000 0000 0000
0000 0000 0000 0000 0000 0000 0000 0000
0000 0000 0000 0000 0000 0000 0000 0000
0000 0000 0000 0000 0000 0000 0000 0000
0000 0000 0000 0000 0000 0000 0000 0000
0000 0000 0000 0000 0000 0000 0000 0000
0000 0000 0000 0000 0000 0000 0000 0000
0000 0000 0000 0000 0000 0000 0000 0000
0000 0000 0000 0000 0000 0000 0000 0000
0000 0000 0000 0000 0000 0000 0000 0000
0000 0000 0000 0000 0000 0000 0000 0000
0000 0000 0000 0000 0000 0000 0000 0000
0000 0000 0000 0000 0000 0000 0000 0000
0000 0000 0000 0000 0000 0000 0000 0000
0000 0000 0000 0000 0000 0000 0000 0000
0000 0000 0000 0000 0000 0000 0000 0000
0000 0000 0000 0000 0000 0000 0000 0000
0000 0000 0000 0000 0000 0000 0000 0000
0000 0000 0000 0000 0000 0000 0000 0000
0000 0000 0000 0000 0000 0000 0000 0000
0000 0000 0000 0000 0000 0000 0000 0000
0000 0000 0000 0000 0000 0000 0000 0000
0000 0000 0000 0000 0000 0000 0000 0000
0000 0000 0000 0000 0000 0000 0000 0000
e005 4000 0000 0000 c005 4000 0000 0000
0000 0000 0000 0000 0100 0000 0000 0000
0100 0000 0000 0000 0c00 0000 0000 0000
9804 4000 0000 0000 0d00 0000 0000 0000
1407 4000 0000 0000 1900 0000 0000 0000
100e 6000 0000 0000 1b00 0000 0000 0000
0800 0000 0000 0000 1a00 0000 0000 0000
180e 6000 0000 0000 1c00 0000 0000 0000
0800 0000 0000 0000 f5fe ff6f 0000 0000
9802 4000 0000 0000 0500 0000 0000 0000
6803 4000 0000 0000 0600 0000 0000 0000
c002 4000 0000 0000 0a00 0000 0000 0000
5300 0000 0000 0000 0b00 0000 0000 0000
1800 0000 0000 0000 1500 0000 0000 0000
0000 0000 0000 0000 0300 0000 0000 0000
0010 6000 0000 0000 0200 0000 0000 0000
7800 0000 0000 0000 1400 0000 0000 0000
0700 0000 0000 0000 1700 0000 0000 0000
2004 4000 0000 0000 0700 0000 0000 0000
f003 4000 0000 0000 0800 0000 0000 0000
3000 0000 0000 0000 0900 0000 0000 0000
1800 0000 0000 0000 feff ff6f 0000 0000
d003 4000 0000 0000 ffff ff6f 0000 0000
0100 0000 0000 0000 f0ff ff6f 0000 0000
bc03 4000 0000 0000 0000 0000 0000 0000
0000 0000 0000 0000 0000 0000 0000 0000
0000 0000 0000 0000 0000 0000 0000 0000
0000 0000 0000 0000 0000 0000 0000 0000
0000 0000 0000 0000 0000 0000 0000 0000
0000 0000 0000 0000 0000 0000 0000 0000
0000 0000 0000 0000 0000 0000 0000 0000
280e 6000 0000 0000 0000 0000 0000 0000
0000 0000 0000 0000 d604 4000 0000 0000
e604 4000 0000 0000 f604 4000 0000 0000
0605 4000 0000 0000 1605 4000 0000 0000
0000 0000 0000 0000 0000 0000 0000 0000
4743 433a 2028 5562 756e 7475 2034 2e38
2e32 2d31 3975 6275 6e74 7531 2920 342e
382e 3200 002e 7379 6d74 6162 002e 7374
7274 6162 002e 7368 7374 7274 6162 002e
696e 7465 7270 002e 6e6f 7465 2e41 4249
2d74 6167 002e 6e6f 7465 2e67 6e75 2e62
7569 6c64 2d69 6400 2e67 6e75 2e68 6173
6800 2e64 796e 7379 6d00 2e64 796e 7374
7200 2e67 6e75 2e76 6572 7369 6f6e 002e
676e 752e 7665 7273 696f 6e5f 7200 2e72
656c 612e 6479 6e00 2e72 656c 612e 706c
7400 2e69 6e69 7400 2e74 6578 7400 2e66
696e 6900 2e72 6f64 6174 6100 2e65 685f
6672 616d 655f 6864 7200 2e65 685f 6672
616d 6500 2e69 6e69 745f 6172 7261 7900
2e66 696e 695f 6172 7261 7900 2e6a 6372
002e 6479 6e61 6d69 6300 2e67 6f74 002e
676f 742e 706c 7400 2e64 6174 6100 2e62
7373 002e 636f 6d6d 656e 7400 0000 0000
0000 0000 0000 0000 0000 0000 0000 0000
0000 0000 0000 0000 0000 0000 0000 0000
0000 0000 0000 0000 0000 0000 0000 0000
0000 0000 0000 0000 0000 0000 0000 0000
1b00 0000 0100 0000 0200 0000 0000 0000
3802 4000 0000 0000 3802 0000 0000 0000
1c00 0000 0000 0000 0000 0000 0000 0000
0100 0000 0000 0000 0000 0000 0000 0000
2300 0000 0700 0000 0200 0000 0000 0000
5402 4000 0000 0000 5402 0000 0000 0000
2000 0000 0000 0000 0000 0000 0000 0000
0400 0000 0000 0000 0000 0000 0000 0000
3100 0000 0700 0000 0200 0000 0000 0000
7402 4000 0000 0000 7402 0000 0000 0000
2400 0000 0000 0000 0000 0000 0000 0000
0400 0000 0000 0000 0000 0000 0000 0000
4400 0000 f6ff ff6f 0200 0000 0000 0000
9802 4000 0000 0000 9802 0000 0000 0000
2400 0000 0000 0000 0500 0000 0000 0000
0800 0000 0000 0000 0000 0000 0000 0000
4e00 0000 0b00 0000 0200 0000 0000 0000
c002 4000 0000 0000 c002 0000 0000 0000
a800 0000 0000 0000 0600 0000 0100 0000
0800 0000 0000 0000 1800 0000 0000 0000
5600 0000 0300 0000 0200 0000 0000 0000
6803 4000 0000 0000 6803 0000 0000 0000
5300 0000 0000 0000 0000 0000 0000 0000
0100 0000 0000 0000 0000 0000 0000 0000
5e00 0000 ffff ff6f 0200 0000 0000 0000
bc03 4000 0000 0000 bc03 0000 0000 0000
0e00 0000 0000 0000 0500 0000 0000 0000
0200 0000 0000 0000 0200 0000 0000 0000
6b00 0000 feff ff6f 0200 0000 0000 0000
d003 4000 0000 0000 d003 0000 0000 0000
2000 0000 0000 0000 0600 0000 0100 0000
0800 0000 0000 0000 0000 0000 0000 0000
7a00 0000 0400 0000 0200 0000 0000 0000
f003 4000 0000 0000 f003 0000 0000 0000
3000 0000 0000 0000 0500 0000 0000 0000
0800 0000 0000 0000 1800 0000 0000 0000
8400 0000 0400 0000 0200 0000 0000 0000
2004 4000 0000 0000 2004 0000 0000 0000
7800 0000 0000 0000 0500 0000 0c00 0000
0800 0000 0000 0000 1800 0000 0000 0000
8e00 0000 0100 0000 0600 0000 0000 0000
9804 4000 0000 0000 9804 0000 0000 0000
1a00 0000 0000 0000 0000 0000 0000 0000
0400 0000 0000 0000 0000 0000 0000 0000
8900 0000 0100 0000 0600 0000 0000 0000
c004 4000 0000 0000 c004 0000 0000 0000
6000 0000 0000 0000 0000 0000 0000 0000
1000 0000 0000 0000 1000 0000 0000 0000
9400 0000 0100 0000 0600 0000 0000 0000
2005 4000 0000 0000 2005 0000 0000 0000
f201 0000 0000 0000 0000 0000 0000 0000
1000 0000 0000 0000 0000 0000 0000 0000
9a00 0000 0100 0000 0600 0000 0000 0000
1407 4000 0000 0000 1407 0000 0000 0000
0900 0000 0000 0000 0000 0000 0000 0000
0400 0000 0000 0000 0000 0000 0000 0000
a000 0000 0100 0000 0200 0000 0000 0000
2007 4000 0000 0000 2007 0000 0000 0000
0d00 0000 0000 0000 0000 0000 0000 0000
0400 0000 0000 0000 0000 0000 0000 0000
a800 0000 0100 0000 0200 0000 0000 0000
3007 4000 0000 0000 3007 0000 0000 0000
3400 0000 0000 0000 0000 0000 0000 0000
0400 0000 0000 0000 0000 0000 0000 0000
b600 0000 0100 0000 0200 0000 0000 0000
6807 4000 0000 0000 6807 0000 0000 0000
f400 0000 0000 0000 0000 0000 0000 0000
0800 0000 0000 0000 0000 0000 0000 0000
c000 0000 0e00 0000 0300 0000 0000 0000
100e 6000 0000 0000 100e 0000 0000 0000
0800 0000 0000 0000 0000 0000 0000 0000
0800 0000 0000 0000 0000 0000 0000 0000
cc00 0000 0f00 0000 0300 0000 0000 0000
180e 6000 0000 0000 180e 0000 0000 0000
0800 0000 0000 0000 0000 0000 0000 0000
0800 0000 0000 0000 0000 0000 0000 0000
d800 0000 0100 0000 0300 0000 0000 0000
200e 6000 0000 0000 200e 0000 0000 0000
0800 0000 0000 0000 0000 0000 0000 0000
0800 0000 0000 0000 0000 0000 0000 0000
dd00 0000 0600 0000 0300 0000 0000 0000
280e 6000 0000 0000 280e 0000 0000 0000
d001 0000 0000 0000 0600 0000 0000 0000
0800 0000 0000 0000 1000 0000 0000 0000
e600 0000 0100 0000 0300 0000 0000 0000
f80f 6000 0000 0000 f80f 0000 0000 0000
0800 0000 0000 0000 0000 0000 0000 0000
0800 0000 0000 0000 0800 0000 0000 0000
eb00 0000 0100 0000 0300 0000 0000 0000
0010 6000 0000 0000 0010 0000 0000 0000
4000 0000 0000 0000 0000 0000 0000 0000
0800 0000 0000 0000 0800 0000 0000 0000
f400 0000 0100 0000 0300 0000 0000 0000
4010 6000 0000 0000 4010 0000 0000 0000
1000 0000 0000 0000 0000 0000 0000 0000
0800 0000 0000 0000 0000 0000 0000 0000
fa00 0000 0800 0000 0300 0000 0000 0000
5010 6000 0000 0000 5010 0000 0000 0000
1000 0000 0000 0000 0000 0000 0000 0000
0800 0000 0000 0000 0000 0000 0000 0000
ff00 0000 0100 0000 3000 0000 0000 0000
0000 0000 0000 0000 5010 0000 0000 0000
2400 0000 0000 0000 0000 0000 0000 0000
0100 0000 0000 0000 0100 0000 0000 0000
1100 0000 0300 0000 0000 0000 0000 0000
0000 0000 0000 0000 7410 0000 0000 0000
0801 0000 0000 0000 0000 0000 0000 0000
0100 0000 0000 0000 0000 0000 0000 0000
0100 0000 0200 0000 0000 0000 0000 0000
0000 0000 0000 0000 0019 0000 0000 0000
6006 0000 0000 0000 1d00 0000 2d00 0000
0800 0000 0000 0000 1800 0000 0000 0000
0900 0000 0300 0000 0000 0000 0000 0000
0000 0000 0000 0000 601f 0000 0000 0000
7302 0000 0000 0000 0000 0000 0000 0000
0100 0000 0000 0000 0000 0000 0000 0000
0000 0000 0000 0000 0000 0000 0000 0000
0000 0000 0000 0000 0000 0000 0300 0100
3802 4000 0000 0000 0000 0000 0000 0000
0000 0000 0300 0200 5402 4000 0000 0000
0000 0000 0000 0000 0000 0000 0300 0300
7402 4000 0000 0000 0000 0000 0000 0000
0000 0000 0300 0400 9802 4000 0000 0000
0000 0000 0000 0000 0000 0000 0300 0500
c002 4000 0000 0000 0000 0000 0000 0000
0000 0000 0300 0600 6803 4000 0000 0000
0000 0000 0000 0000 0000 0000 0300 0700
bc03 4000 0000 0000 0000 0000 0000 0000
0000 0000 0300 0800 d003 4000 0000 0000
0000 0000 0000 0000 0000 0000 0300 0900
f003 4000 0000 0000 0000 0000 0000 0000
0000 0000 0300 0a00 2004 4000 0000 0000
0000 0000 0000 0000 0000 0000 0300 0b00
9804 4000 0000 0000 0000 0000 0000 0000
0000 0000 0300 0c00 c004 4000 0000 0000
0000 0000 0000 0000 0000 0000 0300 0d00
2005 4000 0000 0000 0000 0000 0000 0000
0000 0000 0300 0e00 1407 4000 0000 0000
0000 0000 0000 0000 0000 0000 0300 0f00
2007 4000 0000 0000 0000 0000 0000 0000
0000 0000 0300 1000 3007 4000 0000 0000
0000 0000 0000 0000 0000 0000 0300 1100
6807 4000 0000 0000 0000 0000 0000 0000
0000 0000 0300 1200 100e 6000 0000 0000
0000 0000 0000 0000 0000 0000 0300 1300
180e 6000 0000 0000 0000 0000 0000 0000
0000 0000 0300 1400 200e 6000 0000 0000
0000 0000 0000 0000 0000 0000 0300 1500
280e 6000 0000 0000 0000 0000 0000 0000
0000 0000 0300 1600 f80f 6000 0000 0000
0000 0000 0000 0000 0000 0000 0300 1700
0010 6000 0000 0000 0000 0000 0000 0000
0000 0000 0300 1800 4010 6000 0000 0000
0000 0000 0000 0000 0000 0000 0300 1900
5010 6000 0000 0000 0000 0000 0000 0000
0000 0000 0300 1a00 0000 0000 0000 0000
0000 0000 0000 0000 0100 0000 0400 f1ff
0000 0000 0000 0000 0000 0000 0000 0000
0c00 0000 0100 1400 200e 6000 0000 0000
0000 0000 0000 0000 1900 0000 0200 0d00
5005 4000 0000 0000 0000 0000 0000 0000
2e00 0000 0200 0d00 8005 4000 0000 0000
0000 0000 0000 0000 4100 0000 0200 0d00
c005 4000 0000 0000 0000 0000 0000 0000
5700 0000 0100 1900 5810 6000 0000 0000
0100 0000 0000 0000 6600 0000 0100 1300
180e 6000 0000 0000 0000 0000 0000 0000
8d00 0000 0200 0d00 e005 4000 0000 0000
0000 0000 0000 0000 9900 0000 0100 1200
100e 6000 0000 0000 0000 0000 0000 0000
b800 0000 0400 f1ff 0000 0000 0000 0000
0000 0000 0000 0000 0100 0000 0400 f1ff
0000 0000 0000 0000 0000 0000 0000 0000
bf00 0000 0100 1100 5808 4000 0000 0000
0000 0000 0000 0000 cd00 0000 0100 1400
200e 6000 0000 0000 0000 0000 0000 0000
0000 0000 0400 f1ff 0000 0000 0000 0000
0000 0000 0000 0000 d900 0000 0000 1200
180e 6000 0000 0000 0000 0000 0000 0000
ea00 0000 0100 1500 280e 6000 0000 0000
0000 0000 0000 0000 f300 0000 0000 1200
100e 6000 0000 0000 0000 0000 0000 0000
0601 0000 0100 1700 0010 6000 0000 0000
0000 0000 0000 0000 1c01 0000 1200 0d00
1007 4000 0000 0000 0200 0000 0000 0000
2c01 0000 2000 0000 0000 0000 0000 0000
0000 0000 0000 0000 4801 0000 2000 1800
4010 6000 0000 0000 0000 0000 0000 0000
5301 0000 1000 1800 5010 6000 0000 0000
0000 0000 0000 0000 5a01 0000 1200 0e00
1407 4000 0000 0000 0000 0000 0000 0000
6001 0000 1200 0000 0000 0000 0000 0000
0000 0000 0000 0000 7401 0000 1200 0000
0000 0000 0000 0000 0000 0000 0000 0000
8601 0000 1200 0000 0000 0000 0000 0000
0000 0000 0000 0000 a501 0000 1000 1800
4010 6000 0000 0000 0000 0000 0000 0000
b201 0000 1200 0000 0000 0000 0000 0000
0000 0000 0000 0000 c701 0000 2000 0000
0000 0000 0000 0000 0000 0000 0000 0000
d601 0000 1102 1800 4810 6000 0000 0000
0000 0000 0000 0000 e301 0000 1100 0f00
2007 4000 0000 0000 0400 0000 0000 0000
f201 0000 1200 0d00 a006 4000 0000 0000
6500 0000 0000 0000 0202 0000 1000 1900
6010 6000 0000 0000 0000 0000 0000 0000
0702 0000 1200 0d00 2005 4000 0000 0000
0000 0000 0000 0000 0e02 0000 1000 1900
5010 6000 0000 0000 0000 0000 0000 0000
1a02 0000 1200 0d00 0d06 4000 0000 0000
8400 0000 0000 0000 1f02 0000 2000 0000
0000 0000 0000 0000 0000 0000 0000 0000
3302 0000 1102 1800 5010 6000 0000 0000
0000 0000 0000 0000 3f02 0000 2000 0000
0000 0000 0000 0000 0000 0000 0000 0000
5902 0000 1200 0b00 9804 4000 0000 0000
0000 0000 0000 0000 5f02 0000 1100 1900
5010 6000 0000 0000 0800 0000 0000 0000
0063 7274 7374 7566 662e 6300 5f5f 4a43
525f 4c49 5354 5f5f 0064 6572 6567 6973
7465 725f 746d 5f63 6c6f 6e65 7300 7265
6769 7374 6572 5f74 6d5f 636c 6f6e 6573
005f 5f64 6f5f 676c 6f62 616c 5f64 746f
7273 5f61 7578 0063 6f6d 706c 6574 6564
2e36 3937 3200 5f5f 646f 5f67 6c6f 6261
6c5f 6474 6f72 735f 6175 785f 6669 6e69
5f61 7272 6179 5f65 6e74 7279 0066 7261
6d65 5f64 756d 6d79 005f 5f66 7261 6d65
5f64 756d 6d79 5f69 6e69 745f 6172 7261
795f 656e 7472 7900 7465 7374 2e63 005f
5f46 5241 4d45 5f45 4e44 5f5f 005f 5f4a
4352 5f45 4e44 5f5f 005f 5f69 6e69 745f
6172 7261 795f 656e 6400 5f44 594e 414d
4943 005f 5f69 6e69 745f 6172 7261 795f
7374 6172 7400 5f47 4c4f 4241 4c5f 4f46
4653 4554 5f54 4142 4c45 5f00 5f5f 6c69
6263 5f63 7375 5f66 696e 6900 5f49 544d
5f64 6572 6567 6973 7465 7254 4d43 6c6f
6e65 5461 626c 6500 6461 7461 5f73 7461
7274 005f 6564 6174 6100 5f66 696e 6900
6d65 6d73 6574 4040 474c 4942 435f 322e
322e 3500 7265 6164 4040 474c 4942 435f
322e 322e 3500 5f5f 6c69 6263 5f73 7461
7274 5f6d 6169 6e40 4047 4c49 4243 5f32
2e32 2e35 005f 5f64 6174 615f 7374 6172
7400 6670 7269 6e74 6640 4047 4c49 4243
5f32 2e32 2e35 005f 5f67 6d6f 6e5f 7374
6172 745f 5f00 5f5f 6473 6f5f 6861 6e64
6c65 005f 494f 5f73 7464 696e 5f75 7365
6400 5f5f 6c69 6263 5f63 7375 5f69 6e69
7400 5f65 6e64 005f 7374 6172 7400 5f5f
6273 735f 7374 6172 7400 6d61 696e 005f
4a76 5f52 6567 6973 7465 7243 6c61 7373
6573 005f 5f54 4d43 5f45 4e44 5f5f 005f
4954 4d5f 7265 6769 7374 6572 544d 436c
6f6e 6554 6162 6c65 005f 696e 6974 0073
7464 6572 7240 4047 4c49 4243 5f32 2e32
2e35 00