94971909519445139829977244035197621481643431010
76721793719664562918311663015436622812062053786
78259352451715943210970902313271541012071776680
4636186731081300671152098636720266572362036009932
2423632121917361793255769879393246331777993455
19211562401231116581878459908408066851022117646
57319980799052578081914798015709242111510287929
31509534319065850017069335584982119731734320781
1621503696128080549717860367241583729071460475950
17103297562047347745154177662110838324751926521333
14303029051326195687169639947816860727841719442018
32690928514597453771842553676578855461500552062
717187675631085353343594195153633565554525916
185388212418514309982451844171413332034202159323
197950519888735208314829648201618058275323597506
194344077011809043832234616031337733744117253211
249928862055300114434488981698898766159142138
1015407269202580805216188875157104772972083693598
97195592914276649725672953031315550124816516980
6218212201021948600520464330867005637287796987
722623654699027187117514907058104826169601814
14987465762001545597135050619817222081801191795693
1467759409172470746818123486947637246591276122587
1971490832177913192811544469911442894699342125578
1090656941267366981176979055016579522441582917105
438823882132289816457382058959288213999295453
7451790451681911867169832264119203281151740016693
1867924455127159104315940786421070947005846315575
6383906873912227664235393963032557341154947426
16996619831272629187865957067066253261570157618
1128721284179728226718375245997510281871307750863
12729580561189852069144004068017303401141656634
29185248532803551116835685011990175126100879978
127610154717106159341372471022722696541634079291
71302949136108722910253020584948423451664342963
32765836470206801791605881819361542753646006
12142798511948082827403444625904320802551627366
171119548929795211174147943510037525211760135325
17431360701295605006208817083712792209231138296485
4156716740783882270142877114140381891130535364
133550806214853411393441389452133264721980183484
2008481908246092308202720416516526041411065453851
63336652371940034586605303010368111491623721147
1417680396600522990165351635810116761831604275511
126616803660732860575239686912068552251886549529
18906933541248422392146904703444638477514976934
12774400671780146540200031807316215790121993473012
18330179091482577272920816731712738426987697766
1157535524198621302170709811120235885541235432451
118333561012937853021835955441689368321157977837
1292747304195553635776530644320451441731014907934
504372324178835388011584667865127702785508709
630823612192871709518656552494836580371402812459
171164461416919229973790608418037262871881930725
172560385081377816320805520271285218313689883069
116850083032107027519836683718569726231010438596
214164620822362798184913057594690032047380453
18333992391263841327168825068519492459181915118355
177375939443258588216963518021491930996916243920
951680613105609196210854362191689586697712334601
81988329612677068991526112764752951676405441564
6851218519214525067265118402052180556630941482
17369504362046343116633177761407958094658328472
533074566938736851922169799738416032043119603
1689804506184760099832822183812386726601192048346
1244465758428696261006566601824183291732456323
81299126110023016258526795751916203771755253301
125812113926013256215292221601984632979164829470
126799941574099768636889386458577551982057862
722017410117893232220759315474967035621252773925
1971567503390244209528912751523056931277697081
214493962113967714511320566707981126331579189780
90553938291110389443400775717582189571102724271
4177741186885644913628568331570999571706005780
15276863031583679565132621900159137524282053672
211467976216590900412609859942043127662662612566
366276272186721151770163698713191675472019517210
19793340681316623521126880501311524171271414736154
700511145205795650917835640111345189021668691819
12810806721176296313390064620496453858599812236
109607040020241401613600815312286923011468031755
1180618261195888415163394076013790478201091532429
1490696781745324092811260298850706665917007992
6832938606825570858614786519520988731834974212
1500884019505126370174544707416792404201639645273
126665524581283744566845793816567198651309291303
1268270175605306617118594781613042783281833998918
50649592414223401548824036862140436684653904327
1973936115142022714251744771637712766992729380
11687527631321006626167528646512549006281125621852
13627770306083010001630748222960740456140057772
11229098477991205395289521717913677861736631918
114702872912154313194454887130065068968948993
2028453806180714661314912891487633738441800099649
214519347558982631119421223632494545981227539077
7873680951418207362401062056315170913525624342
1526683908167794794311339253421009948482491204751
12739831152132858330571116804793946841776742468
1602650741940975575414131333547199611494748246
61036212623569011911544112112101651274999063963
