706533329
60097782262410307941196213
971279991754987660235410451
1171863675930777265
831395471957585671
11957747041883831819171426496
636100441
3611599721474259352
132762782
1111947886766153931996917878496257448
162502199710972352701445559029
122511879726935537211737222231460529249
19810225024382286610673741911029497722
203870838977788778937756708
2989366531573857150336795064
900632854517395469
118286406862859025714694748011032298298
705139875509836647
32152579285712101299718126272570629
6127637271781767523152912036856586593
11824097582057995131
1260198536848268191655534045
2746416939923291097174816711752745481509724578
210654968
1865987281242953266
89173860417527899131190278222894953861533877476
1167524490
955276427801808365
181186302115034664321824009055
2096349239936723943423159047604399636348375485
1596728745420123652
958969676128473122820837302579498008641471329956
2065479758
78450614011082743321110538773
1450787033130579616
2585798129323879813011865272070442833
2125195583
23723635791443587820684927378416359931262811363
290881091
3444014711249850767
28064808052167983
14598479552117647741359613817968704471078438425
1415254064
1600732206
6403216233856365401376027821563280808674007305
61130850911243662
212962358717528796561383503350
204376074791895471894535124011461278661739137314
1198295849
53836362711684599429529638863523407499414719
20504881384811565301018697537977845784
140433407720638995816847589612078341382
174588981184210139716808217011728029750447497405
181495871343774504183579612211268471111489902370
20536278354071457111631323607437264101709174513
137896048518085892326763940781281964975
16950916151123271121263740267951942044318717070
8827997791878846784
17249011761412184838212745149524914933181542594
368689437201733871612883108301858591807
1493673613251822730312953569
19609972431571382317
1622102827100292748
17643649421795384363715685300880621561
1034402370
14826425397657655072081058887
3046669720610267341084975000
750068041453664437
1363317634116477259613791692177095076001416595326
7994239761230108921
120817189704728100
72417537732160939486421491914398606781202230956
3267794007363844507992165701092544907669959689
1123011604583502775796767989
658509580
141688525520218272141267721374648570824
536833052193209962
176694197313092314181504092331
37806197480784061
1242276894
184802677655885092518474241394369275791358067496
11068872681069860485191549700316903900441866628475
2014159761969577253
7575954210898149801021006682659610709
121421664420428858511246106358
1399494535
7540263891480278596686049561996303283853439687
4076705615533801782060756641765738057
13129629326881148941113878933
407259721694295361057285304229353327
1133044847131916830714628720761792655556798332691
16880577592044439049905569487
14672481851659595877
15358531421508415512112630328113050012271916086073
1511076891
87806538967655617574971729
15324255044822314502061373858
711584777
1575272007203075308418186276801220443915681602128
761018027
1106318592170108667320458057156184308211973950268
21268463349527699015916927881895448759484969713
1282305594136303510363184220613572773231207495777
18395087731121385988459011223
147714159220342832302868793391148285625
968481467134903473018682615251547038997
142186455014453610649263004961248331170732052625
536174241323745413653628293
127903144419359338871901622240
